22.00 21.75 21.00 21.25 23.25 22.75 23.00 22.25 
22.75 22.50 21.25 21.50 22.50 21.75 21.25 22.00 
25.50 24.50 23.50 23.25 21.00 18.50 18.00 19.25 
25.50 23.50 23.00 22.25 19.00 17.50 16.25 19.75 
23.25 22.75 22.50 21.75 19.75 17.25 17.00 22.75 
22.25 22.50 22.25 20.50 20.00 17.25 18.25 23.25 
22.00 22.00 22.00 20.50 19.75 19.75 22.00 22.00 
21.50 21.75 21.00 20.75 21.00 21.25 22.50 21.50 
>
30.00 30.00 30.25 30.00 30.25 30.50 29.75 28.25 
29.75 29.75 29.75 30.25 30.75 30.25 29.75 29.00 
29.00 28.00 29.50 30.00 30.00 30.00 30.00 29.25 
29.25 27.25 28.00 29.75 30.00 30.25 29.75 29.75 
28.00 28.00 24.75 29.25 29.75 29.25 29.75 29.75 
25.75 28.50 24.50 24.50 28.75 29.00 29.50 28.25 
24.25 26.50 24.50 22.75 25.25 28.00 28.25 25.25 
22.25 22.75 22.75 23.25 23.50 25.25 25.25 25.00 
>
